ILS probability: 0.175, GLS population size: 50
Delta time: [129.1590096950531, 100.67241549491882, 127.91933941841125, 102.68628072738647, 95.92241954803467, 88.1632227897644, 84.39857983589172, 82.89084339141846, 95.22314620018005, 89.39929795265198, 93.49949193000793, 83.1565580368042, 81.15899610519409, 81.87134146690369, 101.07039022445679, 96.5642728805542, 109.41528701782227, 82.31649994850159, 82.48597955703735, 81.76942682266235, 83.69733142852783, 93.98632740974426, 115.86410450935364, 85.31611061096191, 91.52556777000427]
[17, 15, 14, 14, 16, 13, 17, 15, 9, 14, 15, 19, 13, 17, 15, 14, 15, 15, 18, 15, 14, 16, 17, 10, 12]
[11, 11, 15, 12, 9, 9, 12, 15, 9, 12, 8, 11, 11, 12, 11, 11, 10, 11, 11, 12, 11, 14, 9, 6, 12]
[8, 4, 2, 3, 9, 9, 5, 4, 5, 5, 4, 8, 11, 7, 3, 2, 7, 5, 6, 7, 10, 5, 5, 6, 7]


Average delta time: 94.4053 (13.5454) 
Average mls optimum: 14.76 (2.2321) 
Average ils optimum: 11.0 (1.9799) 
Average gls optimum: 5.88 (2.3549) 
Median mls optimum: 15.0
Median ils optimum: 11.0
Median gls optimum: 5.0


FM passes count:

ILS 0.175: [11520, 8792, 10639, 9834, 10288, 10217, 10143, 9959, 10687, 10635, 9915, 10045, 9864, 9963, 10852, 9052, 9857, 8890, 9854, 9778, 9955, 8589, 11915, 8966, 9567]
GLS 50: [12292, 8058, 12003, 7203, 10283, 10466, 10061, 9353, 10628, 10531, 11157, 9974, 9650, 9648, 9959, 8446, 12931, 9806, 9641, 9640, 9925, 9392, 12912, 8551, 9505]

MLS Average: 10000
ILS Average: 9991.04
GLS Average: 10080.6